0.4030313 -0.201869 -0.5143643 0.2810251 0.03144751 0.03831271 0.07741851 0.3261749 0.3168672 5
-0.1431951 -0.2297002 -0.2471235 -0.1593174 -0.03930371 -0.05630649 -0.1180016 -0.1563981 -0.1307958 3
-0.3207933 -0.009980081 -0.0135353 -0.1960645 -0.04380348 -0.1401857 -0.1541648 -0.2000677 -0.3141849 3
0.296405 -0.1161781 -0.07292213 0.01195251 0.008282988 0.14098 0.1866723 -0.03070286 0.3405343 4
0.5273997 -0.1714807 -0.1293224 0.07064288 0.03418789 0.2001775 0.2337865 0.03535832 0.5291375 5
-0.0698827 -0.0524593 -0.2728578 0.01726783 -0.02427996 -0.05290582 -0.07021263 0.04044604 -0.09240497 4
0.5025261 -0.3600674 -0.2055527 0.1250842 -0.01792536 -0.06367175 -0.02280805 0.1547447 0.445208 5
-0.3131708 0.239036 0.1369113 -0.1777048 -0.04225076 -0.1024595 -0.12478 -0.182039 -0.3021414 1
-0.2588598 0.3672061 -0.2174301 -0.128135 -0.03254446 0.005970758 -0.08633253 -0.1251129 -0.2341151 0
-0.1746454 0.3877133 -0.1540841 -0.08166769 -0.01509233 0.1194276 0.01373928 -0.09656794 -0.1397455 0
-0.2576141 -0.1198401 -0.312449 -0.1472102 -0.03999396 -0.08762226 -0.1547686 -0.1327077 -0.2543851 1
-0.3212908 0.002470724 -0.1956549 -0.1978677 -0.04387547 -0.1423317 -0.160194 -0.1983347 -0.3152121 1
-0.2755232 0.01931593 0.2457872 -0.1648125 -0.04287922 -0.1330457 -0.110575 -0.1676343 -0.2745516 2
-0.256125 0.1137956 0.06366759 -0.1441478 -0.03701054 -0.03745555 -0.09713169 -0.1429243 -0.2348515 2
-0.263641 -0.2069958 -0.3065103 -0.1535744 -0.04151336 -0.1110078 -0.1619266 -0.1380824 -0.2637114 1
0.6020208 -0.0546565 -0.02739223 0.376597 0.1956364 0.3806542 0.3559905 0.3834828 0.6116509 5
-0.3043767 0.213402 0.2774602 -0.1727413 -0.0413676 -0.08398394 -0.1112935 -0.1815417 -0.2885195 2
-0.2436849 0.2939661 0.1468092 -0.1089733 -0.02610467 0.05495053 -0.06797395 -0.1058652 -0.2062422 0
-0.203887 0.5070946 0.4853141 -0.06245842 -0.01196402 0.1115217 0.03585309 -0.07772191 -0.1549915 0
0.9005052 -0.2099254 -0.1877367 0.635098 0.1941871 0.2126081 0.2172904 0.693389 0.8312068 5
0.5522734 -0.275109 -0.003637492 0.09244353 0.0004816938 0.02749472 0.1735347 0.08251177 0.5327582 5
0.7761367 -0.161587 0.4437433 0.3709356 0.1218435 0.2155959 0.5932616 0.3188877 0.7890314 5
0.5025261 -0.1176429 0.255685 0.1960099 0.04560971 0.1268164 0.3941399 0.1508368 0.5179275 5
-0.317311 0.1921624 0.319031 -0.1811448 -0.04373226 -0.1482191 -0.1236971 -0.1905417 -0.3054854 3
-0.1588574 0.03103434 -0.1382476 -0.048017 -0.02838892 -0.04190857 -0.07850348 -0.03164339 -0.1560631 3
-0.2710459 0.2895717 -0.0946973 -0.1482275 -0.0368994 -0.02798544 -0.09351667 -0.150004 -0.2517626 1
0.8010104 -0.1506009 0.2992354 0.4636079 0.1827763 0.2852232 0.5149263 0.4541144 0.7842706 5
-0.1219757 -0.2362918 -0.3203673 -0.1047502 -0.03717887 -0.08385487 -0.1288797 -0.08836926 -0.1263165 2
-0.2557847 0.1423592 0.206196 -0.1153772 -0.03378561 -0.03126734 -0.1014189 -0.1055681 -0.2329145 0
-0.2163238 -0.234827 -0.08677906 -0.1176374 -0.03810918 -0.0856771 -0.1340137 -0.1007279 -0.2134707 1
0.1464576 -0.1952774 -0.326306 -0.0001915991 -0.0267127 -0.05886987 -0.02575511 0.01466894 0.1191834 4
-0.1989754 0.1262464 -0.0491674 -0.0842794 -0.02948033 -0.01930466 -0.0724064 -0.07464868 -0.1859063 0
-0.2421925 -0.2377566 -0.213471 -0.1945164 -0.0436835 -0.1355169 -0.149924 -0.2006189 -0.2376931 3
0.5767084 -0.2862543 -0.279518 -0.02494147 -0.02507213 -0.03361749 0.07109844 -0.03865704 0.5408572 5
-0.3071049 0.03030194 -0.2174301 -0.17733 -0.04314653 -0.1314029 -0.1568878 -0.1679183 -0.3082136 2
-0.06956899 -0.3315038 0.08544276 0.02839923 -0.04173812 -0.1538096 -0.1167968 0.05689844 -0.1381693 4
0.6517682 0.006865127 0.7446366 0.2966419 0.169204 0.3957016 1 -0.06783856 0.7908453 5
0.4268801 -0.1637842 -0.08084038 0.4414917 0.02664226 -0.02157437 0.09880102 0.4914407 0.2820216 4
-0.2634458 -0.1718406 -0.2332666 -0.1529159 -0.04263754 -0.1342926 -0.1609222 -0.1384562 -0.2727932 2
-0.3158186 0.2214584 0.01021944 -0.1757274 -0.04181247 -0.09196692 -0.1388051 -0.171693 -0.303463 1
-0.1989122 1 0.2517259 0.06153619 0.015889 0.1234876 -0.01531493 0.08447815 -0.162756 0
-0.1441901 0.4499673 -0.181798 0.03125009 0.01447418 0.1508747 0.00284907 0.04837487 -0.1026822 0
-0.2387101 0.2295148 0.14285 -0.1073645 -0.02789142 0.03020963 -0.07359801 -0.102342 -0.2053291 2
0.3532839 -0.2663202 -0.1837776 0.2100489 -0.0158108 -0.07752919 0.007227817 0.2454678 0.2499518 4
-0.3327327 0.2273176 -0.06896301 -0.1923712 -0.04343233 -0.1257662 -0.149396 -0.1945973 -0.3241562 2
-0.3311762 0.05007675 -0.01749442 -0.1967832 -0.04382809 -0.1407661 -0.1592741 -0.1964176 -0.3274601 3
0.3516601 -0.06783971 -0.09271774 0.5143713 0.02197091 -0.04475885 0.09006007 0.5719277 0.1740616 4
-0.2174897 0.008329927 -0.06896301 -0.1417723 -0.03791584 -0.05710498 -0.0892422 -0.1424649 -0.2083307 1
-0.212428 0.3386425 0.3665404 -0.07706468 -0.02460298 0.01965523 -0.01791139 -0.0793675 -0.1881122 0
0.4647628 -0.282433 -0.3856928 0.2433636 -0.02601845 -0.1140558 -0.01225377 0.2854858 0.3236039 4
-0.2240304 -0.3131938 -0.2411848 -0.1187031 -0.04231541 -0.1412563 -0.1554902 -0.09943733 -0.2443521 2
-0.2685586 -0.1381501 -0.06302433 -0.1864032 -0.0432151 -0.1244329 -0.1379569 -0.1904357 -0.2576524 3
-0.3416872 0.1599368 0.5011506 -0.1931543 -0.0438286 -0.1443961 -0.1485562 -0.1976535 -0.3322255 3
0.2391965 -0.172573 -0.1402272 0.4169121 -0.02267272 -0.1215384 -0.01959829 0.4731238 0.0379904 4
-0.2103828 0.6718846 0.3883156 -0.02217108 -0.002012795 0.1232571 -0.0006600179 -0.01579814 -0.1656209 0
-0.2675636 -0.0583185 -0.2372257 -0.1761818 -0.04134156 -0.07665793 -0.139625 -0.1720233 -0.257395 2
-0.1824956 0.4177417 0.4160295 -0.02260064 -0.007738874 0.08438286 0.008922089 -0.01845353 -0.1239534 0
0.3342557 -0.3322362 -0.1857571 0.2292707 -0.01093558 -0.06659344 -0.05165921 0.2712164 0.2945009 4
-0.2934323 -0.3454194 0.006260314 -0.1718525 -0.04297539 -0.1307039 -0.1808882 -0.1570984 -0.2874965 1
-0.2685586 -0.2179818 -0.3698563 -0.1548039 -0.04038926 -0.08656001 -0.1611767 -0.1387606 -0.2585245 1
0.751263 -0.3146586 0.06168803 -0.007595872 -0.01385461 0.02737971 0.2854892 -0.1464177 0.8000461 5
0.5025261 -0.2135874 0.1190953 0.2220622 0.03848837 0.08750176 0.2268597 0.2270545 0.4839772 5
-0.2529761 0.4712069 0.9148789 -0.03922613 -0.01254487 0.07132576 -0.08176863 -0.02124065 -0.200562 2
-0.2302531 0.08816157 -0.08677906 -0.1329529 -0.03433361 -0.01237319 -0.09054747 -0.1301368 -0.2099993 2
-0.2086648 -0.06417771 -0.326306 -0.08738089 -0.03646765 -0.08752446 -0.1234535 -0.06843584 -0.2163846 2
-0.1984147 -0.2597286 -0.294633 -0.179354 -0.04271002 -0.1150979 -0.1490895 -0.1729533 -0.1995529 3
-0.2852671 -0.009247681 -0.132309 -0.1589041 -0.04261847 -0.130603 -0.1472601 -0.1477523 -0.2887757 3
-0.2952407 0.2639376 0.07752451 -0.1577755 -0.03924991 -0.05787989 -0.1157302 -0.155081 -0.2769651 2
0.427905 -0.3036726 -0.2035732 0.09451858 -0.009433943 -0.01676281 0.01498225 0.1161487 0.3782481 5
1 -0.1549954 0.1962982 0.4489384 0.1435697 0.2152113 0.6182823 0.411306 1 5
-0.3043767 0.1240492 -0.04520828 -0.1741776 -0.04145759 -0.08403524 -0.1385711 -0.1695791 -0.2917521 3
-0.2959196 0.08010516 0.255685 -0.1774235 -0.04233155 -0.1054518 -0.113303 -0.1912617 -0.2805011 2
0.6020208 -0.2216438 0.02605593 0.1586074 0.04776165 0.1636428 0.2591365 0.1427274 0.5993575 5
-0.243036 -0.0429381 -0.2253483 -0.1462614 -0.03865432 -0.06399276 -0.1298971 -0.1363778 -0.2309053 1
-0.2287607 0.4485025 0.4259273 -0.0813778 -0.02536443 0.0179973 -0.017001 -0.08527476 -0.1999226 0
-0.2718946 -0.3358982 -0.1362681 -0.1417529 -0.04199911 -0.1279772 -0.182788 -0.1239042 -0.2655748 1
-0.2484332 0.1013448 -0.1758593 -0.1347636 -0.03717735 -0.05439924 -0.1114169 -0.1267152 -0.2335495 0
0.6517682 -0.2436158 -0.4549774 0.2277059 0.05530073 0.1354897 0.1389515 0.2625693 0.6041428 5
-0.1591143 0.3906429 0.3130923 -0.008578211 0.004693868 0.147787 0.0239839 -0.004926184 -0.1023034 0
-0.1183815 0.4719393 -0.1461659 0.08347715 0.02685717 0.1517121 0.005416114 0.1058449 -0.07660987 0
0.9005052 0.3379101 0.2636033 1 1 1 0.9516669 1 0.8884852 5
-0.1534097 -0.1740378 -0.280776 -0.1296865 -0.03738807 -0.06391739 -0.1163417 -0.1194669 -0.1510541 2
0.4527787 -0.319053 -0.0282176 -0.08195298 0.02950688 0.5596259 0.1233984 -0.2191233 0.6710277 5
-0.294996 -0.4193919 -0.06896301 -0.1876018 -0.04380585 -0.147418 -0.1884022 -0.1735126 -0.2958048 1
-0.048689 -0.3944903 -0.08084038 -0.00159313 -0.04247587 -0.1564872 -0.1439703 0.0260097 -0.1066295 4
-0.1513195 0.4624181 0.05376978 0.07095531 0.004398245 0.06024619 -0.03049667 0.09557265 -0.1320818 0
-0.2685586 -0.3058698 -0.2867147 -0.1390419 -0.04295543 -0.1453449 -0.1852562 -0.120811 -0.2806501 2
0.1601715 -0.08907932 -0.1243907 0.2236946 0.001547946 -0.02695886 0.02826595 0.2584428 0.08403444 4
-0.231248 0.4389813 0.4872937 0.04263479 -0.01014955 0.009323769 -0.1116962 0.07308095 -0.1698917 0
-0.1889627 0.8300831 0.5169871 0.07316042 0.01928087 0.1277205 -0.02309151 0.09714447 -0.1478591 0
-0.1764795 -0.1806294 0.1309727 -0.07857381 -0.03626321 -0.09054458 -0.1067497 -0.06214393 -0.1840718 2
-0.1318557 0.2829801 -0.2352461 0.0421578 -0.003336821 0.04505673 -0.04340567 0.06501666 -0.1246485 0
-0.3053716 -0.1264317 -0.1085542 -0.1967879 -0.04381994 -0.1402896 -0.1599289 -0.1958569 -0.3000138 3
-0.2949247 0.05300635 -0.1164725 -0.1820158 -0.04184518 -0.08070347 -0.1355955 -0.1832572 -0.2808875 3
-0.22298 -0.1176429 -0.1164725 -0.1228193 -0.03609227 -0.05310953 -0.1299435 -0.1089327 -0.207177 1
-0.1441901 0.3049521 0.2259916 -0.05436953 -0.02601219 -0.0175552 0.05751793 -0.07456846 -0.1313448 0
0.7661077 -0.2260382 0.675352 0.212524 0.1075413 0.31081 0.7223529 0.004048779 0.8989887 5
-0.2464335 0.3635441 1 0.003220338 -0.01113157 0.03455569 -0.1084677 0.02927314 -0.1781543 0
-0.2819904 0.01711873 -0.100636 -0.1824338 -0.04311783 -0.1254748 -0.1259855 -0.1916796 -0.2709379 3
-0.009872117 -0.3289311 -0.3194028 -0.01956126 -0.04222557 -0.1537703 -0.14051 0.006279339 -0.07755728 4
0.4359386 -0.4516175 -0.1605661 -0.1367192 -0.03590438 -0.03099089 -0.06658385 -0.1352959 0.4472277 5
0.3711187 -0.1322909 -0.3144286 0.511013 0.02042705 -0.04707447 0.05764847 0.5733022 0.1834288 4
-0.3008944 0.1247816 -0.0847995 -0.1746358 -0.04213186 -0.1032981 -0.135962 -0.1712502 -0.2912724 3
0.5273997 -0.1960098 0.3130923 0.1527774 0.007444796 0.02137888 0.3688969 0.1003697 0.5249037 5
-0.2879601 -0.2773062 -0.0590652 -0.1851226 -0.04338733 -0.1326686 -0.1709159 -0.1740295 -0.2879308 1
